 $DATA
H2O Boys-localized RHF orbitals/STO-3G                                          
C1       0
O           8.0      0.0000000000      0.0000000000      0.0000000000
   STO        3
           
H           1.0      0.7569500000      0.0000000000      0.5858800000
   STO        3
           
H           1.0     -0.7569500000      0.0000000000      0.5858800000
   STO        3
           
 $END      
--- RHF ORBITALS --- GENERATED AT 21:05:52 22-APR-2026    
H2O Boys-localized RHF orbitals/STO-3G                                          
E(RHF)=      -74.9629279720, E(NUC)=    9.1949802698,    8 ITERS
 $VEC
 1  1  9.94129450509320900D-01  2.65624547452334700D-02  0.00000000000000000D+00  0.00000000000000000D+00  4.34641266103985600D-03
 1  2 -5.97209655427000100D-03 -5.97209655427018100D-03
 2  1  2.32785713045545400D-01 -8.33490641395669500D-01  0.00000000000000000D+00  0.00000000000000000D+00 -1.29600019328652900D-01
 2  2 -1.58721715882677800D-01 -1.58721715882678800D-01
 3  1  0.00000000000000000D+00  0.00000000000000000D+00 -6.06443286283998000D-01  0.00000000000000000D+00  0.00000000000000000D+00
 3  2 -4.45000846999624700D-01  4.45000846999624100D-01
 4  1  1.03175903974063400D-01 -5.36861343224209100D-01  0.00000000000000000D+00  0.00000000000000000D+00  7.76745373280104400D-01
 4  2  2.77826433173242100D-01  2.77826433173243000D-01
 5  1  0.00000000000000000D+00  0.00000000000000000D+00  0.00000000000000000D+00 -9.99999999999972500D-01  0.00000000000000000D+00
 5  2  0.00000000000000000D+00  0.00000000000000000D+00
 6  1 -1.32391780993417600D-01  8.84765841390912200D-01  0.00000000000000000D+00  0.00000000000000000D+00  7.42313464011536200D-01
 6  2 -7.97163800866573000D-01 -7.97163800866573100D-01
 7  1  0.00000000000000000D+00  0.00000000000000000D+00 -9.90604749891719400D-01  0.00000000000000000D+00  0.00000000000000000D+00
 7  2  8.38700657207024600D-01 -8.38700657207023900D-01
 $END
 POPULATION ANALYSIS
O            8.36636  -0.36636   8.25338  -0.25338
H            0.81682   0.18318   0.87331   0.12669
H            0.81682   0.18318   0.87331   0.12669
 MOMENTS AT POINT    1 X,Y,Z=  0.000000  0.000000  0.123907
 DIPOLE       0.000000  0.000000  1.725811
BOYS LOCALIZED ORBITALS
 $VEC
 1  1  9.94129450509320900D-01  2.65624547452334700D-02  0.00000000000000000D+00  0.00000000000000000D+00  4.34641266103985600D-03
 1  2 -5.97209655427000100D-03 -5.97209655427018100D-03
 2  1  9.21745126292677500D-02 -2.61610172750141800D-01 -4.28820160138447100D-01 -1.78157657070196500D-09 -3.92192945919151200D-01
 2  2 -5.19786941520001600D-01  1.09539291577282700D-01
 3  1 -9.21745126212684100D-02  2.61610172715340600D-01 -4.28820160134492600D-01  2.26894027628805300D-09  3.92192945945384200D-01
 3  2 -1.09539291567028500D-01  5.19786941524454300D-01
 4  1  1.54664433179202100D-01 -6.50402561824240600D-01  1.60046957562152900D-10  7.07106782558225800D-01  3.95284026527426200D-01
 4  2  9.54686929508868400D-02  9.54686927160058200D-02
 5  1  1.54664433251258000D-01 -6.50402562849057200D-01 -1.35511496244779300D-10 -7.07106779814830500D-01  3.95284030307625200D-01
 5  2  9.54686942794138200D-02  9.54686944782873500D-02
 $END
