 $DATA
CH4 Boys-localized RHF orbitals/STO-3G                                          
C1       0
C           6.0      0.0000000000      0.0000000000      0.0000000000
   STO        3
           
H           1.0      0.6291180000      0.6291180000      0.6291180000
   STO        3
           
H           1.0     -0.6291180000     -0.6291180000      0.6291180000
   STO        3
           
H           1.0     -0.6291180000      0.6291180000     -0.6291180000
   STO        3
           
H           1.0      0.6291180000     -0.6291180000     -0.6291180000
   STO        3
           
 $END      
--- RHF ORBITALS --- GENERATED AT 21:05:45 22-APR-2026    
CH4 Boys-localized RHF orbitals/STO-3G                                          
E(RHF)=      -39.7267153089, E(NUC)=   13.4395278836,    7 ITERS
 $VEC
 1  1 -9.91956690347591800D-01 -3.80448703406142000D-02  0.00000000000000000D+00  0.00000000000000000D+00  0.00000000000000000D+00
 1  2  6.92656025734063300D-03  6.92656025734064700D-03  6.92656025734057800D-03  6.92656025734037600D-03
 2  1  2.21178822272370200D-01 -6.29440703476412700D-01  0.00000000000000000D+00  0.00000000000000000D+00  0.00000000000000000D+00
 2  2 -1.80755415156953500D-01 -1.80755415156953900D-01 -1.80755415156952000D-01 -1.80755415156952000D-01
 3  1  0.00000000000000000D+00  0.00000000000000000D+00 -4.66851736895167700D-01 -3.28914558907049900D-01 -9.21903685175106500D-03
 3  2 -4.24941039988027100D-01  4.15207826354044500D-01  7.76818066592476200D-02 -6.79485930252652600D-02
 4  1  0.00000000000000000D+00  0.00000000000000000D+00 -1.18609356308204400D-01  1.83145179872713200D-01 -5.27835187941340100D-01
 4  2 -2.44569566348500400D-01 -3.12704770480907700D-01  4.37929370675170700D-01  1.19344966154239100D-01
 5  1  0.00000000000000000D+00  0.00000000000000000D+00 -3.06922788820979000D-01  4.29526923454049700D-01  2.18003086386365500D-01
 5  2  1.79802017324020100D-01  5.03598365428091300D-02  2.73681071501102200D-01 -5.03842925367932200D-01
 6  1  0.00000000000000000D+00  0.00000000000000000D+00 -1.09562541154088600D+00 -1.16005863100954100D-01  1.52630330391291600D-03
 6  2  6.70481340135335200D-01 -6.72172694040822700D-01 -5.41930894681850100D-01  5.43622248587337900D-01
 7  1  0.00000000000000000D+00  0.00000000000000000D+00 -1.15896358135768500D-01  1.09374389684860400D+00 -6.43976285821774300D-02
 7  2 -5.06114043324490300D-01  5.77475469541222200D-01 -7.05904568437924900D-01  6.34543142221194100D-01
 8  1  0.00000000000000000D+00  0.00000000000000000D+00  5.26536289711639300D-03 -6.42001567158938500D-02 -1.09986605917308400D+00
 8  2  6.42055331782438700D-01  5.76747477544760600D-01 -5.70912731543090000D-01 -6.47890077784109900D-01
 9  1  2.51710281567432500D-01 -1.61547178730244000D+00  0.00000000000000000D+00  0.00000000000000000D+00  0.00000000000000000D+00
 9  2  6.63244773258375200D-01  6.63244773258374400D-01  6.63244773258374900D-01  6.63244773258374500D-01
 $END
 POPULATION ANALYSIS
C            6.25533  -0.25533   6.13909  -0.13909
H            0.93617   0.06383   0.96523   0.03477
H            0.93617   0.06383   0.96523   0.03477
H            0.93617   0.06383   0.96523   0.03477
H            0.93617   0.06383   0.96523   0.03477
 MOMENTS AT POINT    1 X,Y,Z=  0.000000  0.000000  0.000000
 DIPOLE       0.000000  0.000000  0.000000
BOYS LOCALIZED ORBITALS
 $VEC
 1  1 -9.91956690347591800D-01 -3.80448703406142000D-02  0.00000000000000000D+00  0.00000000000000000D+00  0.00000000000000000D+00
 1  2  6.92656025734063300D-03  6.92656025734064700D-03  6.92656025734057800D-03  6.92656025734037600D-03
 2  1  1.10589410904268400D-01 -3.14720351078207200D-01 -2.85578502154974100D-01 -2.85578500568140200D-01 -2.85578502201893700D-01
 2  2 -5.42636974346294400D-01  6.03753810053642600D-02  6.03753827302435500D-02  6.03753810549048200D-02
 3  1 -1.10589411269294800D-01  3.14720352117016000D-01 -2.85578502151320200D-01 -2.85578500893731000D-01  2.85578500937338600D-01
 3  2 -6.03753815445403600D-02  5.42636974147010600D-01 -6.03753802628548000D-02 -6.03753815905822700D-02
 4  1 -1.10589411228726900D-01  3.14720352001566100D-01 -2.85578500150056200D-01  2.85578502675855500D-01 -2.85578501261237700D-01
 4  2 -6.03753797975182900D-02 -6.03753824641895700D-02  5.42636974169158600D-01 -6.03753812910300900D-02
 5  1  1.10589411142450300D-01 -3.14720351756036200D-01 -2.85578501311816100D-01  2.85578501630439900D-01  2.85578501367690000D-01
 5  2  6.03753814257532200D-02  6.03753810893581700D-02  6.03753813667597700D-02 -5.42636974216258400D-01
 $END
