 $DATA
C2H4 Boys-localized RHF orbitals/STO-3G                                         
C1       0
C           6.0     -0.6695000000      0.0000000000      0.0000000000
   STO        3
           
C           6.0      0.6695000000      0.0000000000      0.0000000000
   STO        3
           
H           1.0     -1.2320000000      0.9280000000      0.0000000000
   STO        3
           
H           1.0     -1.2320000000     -0.9280000000      0.0000000000
   STO        3
           
H           1.0      1.2320000000      0.9280000000      0.0000000000
   STO        3
           
H           1.0      1.2320000000     -0.9280000000      0.0000000000
   STO        3
           
 $END      
--- RHF ORBITALS --- GENERATED AT 21:06:00 22-APR-2026    
C2H4 Boys-localized RHF orbitals/STO-3G                                         
E(RHF)=      -77.0721174708, E(NUC)=   33.2760445252,    7 ITERS
 $VEC
 1  1  7.01858354871397500D-01  1.99821978713835800D-02 -2.19419992760597200D-03  0.00000000000000000D+00  0.00000000000000000D+00
 1  2  7.01858354871389300D-01  1.99821978713829300D-02  2.19419992760706800D-03  0.00000000000000000D+00  0.00000000000000000D+00
 1  3 -4.74290098758077500D-03 -4.74290098758058100D-03 -4.74290098757851300D-03 -4.74290098757870800D-03
 2  1  7.01439996341326800D-01  3.08396625890511000D-02  4.27872158560266600D-03  0.00000000000000000D+00  0.00000000000000000D+00
 2  2 -7.01439996341335200D-01 -3.08396625890506400D-02  4.27872158560055000D-03  0.00000000000000000D+00  0.00000000000000000D+00
 2  3 -4.88146864958341600D-03 -4.88146864958337400D-03  4.88146864958463600D-03  4.88146864958469200D-03
 3  1  1.77607033671943900D-01 -4.71277318286118100D-01 -1.11428177268843600D-01  0.00000000000000000D+00  0.00000000000000000D+00
 3  2  1.77607033671940100D-01 -4.71277318286117700D-01  1.11428177268844500D-01  0.00000000000000000D+00  0.00000000000000000D+00
 3  3 -1.15399444308637700D-01 -1.15399444308637300D-01 -1.15399444308634400D-01 -1.15399444308634700D-01
 4  1  1.36714813170811500D-01 -4.15879648195091200D-01  1.98059915350603900D-01  0.00000000000000000D+00  0.00000000000000000D+00
 4  2 -1.36714813170815100D-01  4.15879648195092900D-01  1.98059915350601800D-01  0.00000000000000000D+00  0.00000000000000000D+00
 4  3 -2.23568377854329100D-01 -2.23568377854328700D-01  2.23568377854331700D-01  2.23568377854331000D-01
 5  1  0.00000000000000000D+00  0.00000000000000000D+00  0.00000000000000000D+00  3.93917859140973900D-01  0.00000000000000000D+00
 5  2  0.00000000000000000D+00  0.00000000000000000D+00  0.00000000000000000D+00  3.93917859140973900D-01  0.00000000000000000D+00
 5  3  2.59797921143091700D-01 -2.59797921143091500D-01  2.59797921143091700D-01 -2.59797921143091400D-01
 6  1 -1.52820881444830100D-02  2.64509356155989300D-02  5.01843511878809500D-01  0.00000000000000000D+00  0.00000000000000000D+00
 6  2 -1.52820881444820200D-02  2.64509356155995700D-02 -5.01843511878809600D-01  0.00000000000000000D+00  0.00000000000000000D+00
 6  3 -2.16417484560891400D-01 -2.16417484560892000D-01 -2.16417484560891700D-01 -2.16417484560892100D-01
 7  1  0.00000000000000000D+00  0.00000000000000000D+00  0.00000000000000000D+00 -3.91895347885278900D-01  0.00000000000000000D+00
 7  2  0.00000000000000000D+00  0.00000000000000000D+00  0.00000000000000000D+00  3.91895347885278900D-01  0.00000000000000000D+00
 7  3 -3.47687169787341000D-01  3.47687169787340800D-01  3.47687169787341200D-01 -3.47687169787341300D-01
 8  1  0.00000000000000000D+00  0.00000000000000000D+00  0.00000000000000000D+00  0.00000000000000000D+00  6.35592812472615600D-01
 8  2  0.00000000000000000D+00  0.00000000000000000D+00  0.00000000000000000D+00  0.00000000000000000D+00  6.35592812472616100D-01
 8  3  0.00000000000000000D+00  0.00000000000000000D+00  0.00000000000000000D+00  0.00000000000000000D+00
 9  1  0.00000000000000000D+00  0.00000000000000000D+00  0.00000000000000000D+00  0.00000000000000000D+00  8.09877492779229800D-01
 9  2  0.00000000000000000D+00  0.00000000000000000D+00  0.00000000000000000D+00  0.00000000000000000D+00 -8.09877492779229300D-01
 9  3  0.00000000000000000D+00  0.00000000000000000D+00  0.00000000000000000D+00  0.00000000000000000D+00
10  1  0.00000000000000000D+00  0.00000000000000000D+00  0.00000000000000000D+00 -7.08085329492680200D-01  0.00000000000000000D+00
10  2  0.00000000000000000D+00  0.00000000000000000D+00  0.00000000000000000D+00 -7.08085329492677700D-01  0.00000000000000000D+00
10  3  6.24790454750395200D-01 -6.24790454750390600D-01  6.24790454750388900D-01 -6.24790454750392900D-01
11  1  1.24243007655621200D-01 -8.21634079020447200D-01  5.11115594471792300D-01  0.00000000000000000D+00  0.00000000000000000D+00
11  2  1.24243007655624900D-01 -8.21634079020459400D-01 -5.11115594471795600D-01  0.00000000000000000D+00  0.00000000000000000D+00
11  3  6.27406647000921900D-01  6.27406647000924500D-01  6.27406647000930700D-01  6.27406647000928900D-01
12  1 -1.68438848488464500D-01  1.05315434781993600D+00 -2.08343787910620700D-01  0.00000000000000000D+00  0.00000000000000000D+00
12  2  1.68438848488461700D-01 -1.05315434781992400D+00 -2.08343787910615900D-01  0.00000000000000000D+00  0.00000000000000000D+00
12  3 -6.41980634304423000D-01 -6.41980634304429800D-01  6.41980634304419300D-01  6.41980634304417900D-01
13  1  0.00000000000000000D+00  0.00000000000000000D+00  0.00000000000000000D+00 -9.49872540004808700D-01  0.00000000000000000D+00
13  2  0.00000000000000000D+00  0.00000000000000000D+00  0.00000000000000000D+00  9.49872540004809500D-01  0.00000000000000000D+00
13  3  6.12164834769441300D-01 -6.12164834769435700D-01 -6.12164834769440300D-01  6.12164834769439500D-01
14  1  1.12255545759705200D-01 -8.48933908756291200D-01 -1.14600153363861700D+00  0.00000000000000000D+00  0.00000000000000000D+00
14  2 -1.12255545759704100D-01  8.48933908756288800D-01 -1.14600153363861800D+00  0.00000000000000000D+00  0.00000000000000000D+00
14  3 -1.23184129997153400D-01 -1.23184129997154700D-01  1.23184129997154800D-01  1.23184129997156000D-01
 $END
 POPULATION ANALYSIS
C            6.12463  -0.12463   6.06411  -0.06411
C            6.12463  -0.12463   6.06411  -0.06411
H            0.93769   0.06231   0.96794   0.03206
H            0.93769   0.06231   0.96794   0.03206
H            0.93769   0.06231   0.96794   0.03206
H            0.93769   0.06231   0.96794   0.03206
 MOMENTS AT POINT    1 X,Y,Z=  0.000000  0.000000  0.000000
 DIPOLE       0.000000  0.000000  0.000000
BOYS LOCALIZED ORBITALS
 $VEC
 1  1  7.01858354871397500D-01  1.99821978713835800D-02 -2.19419992760597200D-03  0.00000000000000000D+00  0.00000000000000000D+00
 1  2  7.01858354871389300D-01  1.99821978713829300D-02  2.19419992760706800D-03  0.00000000000000000D+00  0.00000000000000000D+00
 1  3 -4.74290098758077500D-03 -4.74290098758058100D-03 -4.74290098757851300D-03 -4.74290098757870800D-03
 2  1  7.01439996341326800D-01  3.08396625890511000D-02  4.27872158560266600D-03  0.00000000000000000D+00  0.00000000000000000D+00
 2  2 -7.01439996341335200D-01 -3.08396625890506400D-02  4.27872158560055000D-03  0.00000000000000000D+00  0.00000000000000000D+00
 2  3 -4.88146864958341600D-03 -4.88146864958337400D-03  4.88146864958463600D-03  4.88146864958469200D-03
 3  1  1.20679628718785700D-01 -3.52107589897733700D-01  2.52342055542136500D-01 -3.92906602348178400D-01  1.56090992286187700D-09
 3  2 -1.60351842713088400D-02  6.37720577476186700D-02 -5.42821404533434200D-02 -1.01125393521656100D-03  1.56090992286187800D-09
 3  3 -5.35112225622682600D-01  7.23728638912679000D-02  3.61433221916180500D-02 -5.17459288054286200D-02
 4  1  1.60351850021653100D-02 -6.37720599034052200D-02 -5.42821400765402300D-02  1.01125559658749000D-03 -7.48497519609083500D-11
 4  2 -1.20679629158372600D-01  3.52107591302382100D-01  2.52342056860966500D-01  3.92906600635153500D-01 -7.48497519609084200D-11
 4  3 -3.61433215888465300D-02  5.17459264485230600D-02  5.35112225145725900D-01 -7.23728613404143200D-02
 5  1  1.20679628146690600D-01 -3.52107588283936200D-01  2.52342053610122700D-01  3.92906604673577100D-01  4.50598194101167900D-10
 5  2 -1.60351846602283500D-02  6.37720588042049300D-02 -5.42821387866977400D-02  1.01125557341810700D-03  4.50598194101168300D-10
 5  3  7.23728669311077700D-02 -5.35112225806605600D-01 -5.17459266748105900D-02  3.61433223178262700D-02
 6  1 -1.02047393445220200D-01  2.64258003312346700D-01  2.91757394567023800D-01 -3.53551688472289900D-10 -4.49431986582479200D-01
 6  2 -1.02047393760118300D-01  2.64258004270259000D-01 -2.91757394110825100D-01  6.35127867469821400D-10 -4.49431986582479600D-01
 6  3 -3.84109404194464200D-02 -3.84109397280024500D-02 -3.84109390273439100D-02 -3.84109400902004200D-02
 7  1 -1.60351849321309400D-02  6.37720595606378300D-02  5.42821372710982900D-02  1.01125740616803100D-03  4.81161511312572700D-11
 7  2  1.20679627793570700D-01 -3.52107587280449100D-01 -2.52342051976865100D-01  3.92906606395595600D-01  4.81161511312573200D-11
 7  3 -5.17459245027170500D-02  3.61433220472275300D-02  7.23728691377738000D-02 -5.35112225846151400D-01
 8  1 -1.02047393440402300D-01  2.64258003471021100D-01  2.91757391877312600D-01  6.17175482320382100D-10  4.49431988963153200D-01
 8  2 -1.02047393180816000D-01  2.64258002681380300D-01 -2.91757392253374400D-01  6.60997458039328300D-10  4.49431988963153600D-01
 8  3 -3.84109384305373900D-02 -3.84109392346438800D-02 -3.84109388161555200D-02 -3.84109396980186900D-02
 $END
