 $DATA
H2O canonical RHF orbitals/STO-3G                                               
C1       0
O           8.0      0.0000000000      0.0000000000      0.0000000000
   STO        3
           
H           1.0      0.7569500000      0.0000000000      0.5858800000
   STO        3
           
H           1.0     -0.7569500000      0.0000000000      0.5858800000
   STO        3
           
 $END      
--- RHF ORBITALS --- GENERATED AT 21:05:48 22-APR-2026    
H2O canonical RHF orbitals/STO-3G                                               
E(RHF)=      -74.9629279720, E(NUC)=    9.1949802698,    8 ITERS
 $VEC
 1  1  9.94129450508234000D-01  2.65624547530214900D-02  0.00000000000000000D+00  0.00000000000000000D+00  4.34641271924118800D-03
 1  2 -5.97209656257716200D-03 -5.97209656257725900D-03
 2  1 -2.32785712750404600D-01  8.33490639667095100D-01  0.00000000000000000D+00  0.00000000000000000D+00  1.29600020324581800D-01
 2  2  1.58721717029575900D-01  1.58721717029575500D-01
 3  1  0.00000000000000000D+00  0.00000000000000000D+00  6.06443284056456900D-01  0.00000000000000000D+00  0.00000000000000000D+00
 3  2  4.45000848885583100D-01 -4.45000848885583700D-01
 4  1 -1.03175904477436200D-01  5.36861345457601600D-01  0.00000000000000000D+00  0.00000000000000000D+00 -7.76745372542662700D-01
 4  2 -2.77826433371456300D-01 -2.77826433371455500D-01
 5  1  0.00000000000000000D+00  0.00000000000000000D+00  0.00000000000000000D+00  9.99999999999972200D-01  0.00000000000000000D+00
 5  2  0.00000000000000000D+00  0.00000000000000000D+00
 6  1 -1.32391781128237600D-01  8.84765841663890800D-01  0.00000000000000000D+00  0.00000000000000000D+00  7.42313464608965100D-01
 6  2 -7.97163800569073200D-01 -7.97163800569074100D-01
 7  1  0.00000000000000000D+00  0.00000000000000000D+00 -9.90604751255408400D-01  0.00000000000000000D+00  0.00000000000000000D+00
 7  2  8.38700656206365100D-01 -8.38700656206364200D-01
 $END
 POPULATION ANALYSIS
O            8.36636  -0.36636   8.25338  -0.25338
H            0.81682   0.18318   0.87331   0.12669
H            0.81682   0.18318   0.87331   0.12669
 MOMENTS AT POINT    1 X,Y,Z=  0.000000  0.000000  0.123907
 DIPOLE       0.000000  0.000000  1.725811
