 $DATA
o_bq XMCQDPT2/ALDET-CASSCF(12,10) Andrew-style geometry                         
C1       0
C           6.0     -0.0450782261      1.4807810883      0.0000000000
   S          8
     1      6665.0000000000  0.00069200
     2      1000.0000000000  0.00532900
     3       228.0000000000  0.02707700
     4        64.7100000000  0.10171800
     5        21.0600000000  0.27474000
     6         7.4950000000  0.44856400
     7         2.7970000000  0.28507400
     8         0.5215000000  0.01520400
   S          8
     1      6665.0000000000 -0.00014600
     2      1000.0000000000 -0.00115400
     3       228.0000000000 -0.00572500
     4        64.7100000000 -0.02331200
     5        21.0600000000 -0.06395500
     6         7.4950000000 -0.14998100
     7         2.7970000000 -0.12726200
     8         0.5215000000  0.54452900
   S          1
     1         0.1596000000  1.00000000
   P          3
     1         9.4390000000  0.03810900
     2         2.0020000000  0.20948000
     3         0.5456000000  0.50855700
   P          1
     1         0.1517000000  1.00000000
   D          1
     1         0.5500000000  1.00000000
           
C           6.0      1.3045915656      0.7016426529      0.0000000000
   S          8
     1      6665.0000000000  0.00069200
     2      1000.0000000000  0.00532900
     3       228.0000000000  0.02707700
     4        64.7100000000  0.10171800
     5        21.0600000000  0.27474000
     6         7.4950000000  0.44856400
     7         2.7970000000  0.28507400
     8         0.5215000000  0.01520400
   S          8
     1      6665.0000000000 -0.00014600
     2      1000.0000000000 -0.00115400
     3       228.0000000000 -0.00572500
     4        64.7100000000 -0.02331200
     5        21.0600000000 -0.06395500
     6         7.4950000000 -0.14998100
     7         2.7970000000 -0.12726200
     8         0.5215000000  0.54452900
   S          1
     1         0.1596000000  1.00000000
   P          3
     1         9.4390000000  0.03810900
     2         2.0020000000  0.20948000
     3         0.5456000000  0.50855700
   P          1
     1         0.1517000000  1.00000000
   D          1
     1         0.5500000000  1.00000000
           
C           6.0      1.2405223961     -0.7735654712      0.0000000000
   S          8
     1      6665.0000000000  0.00069200
     2      1000.0000000000  0.00532900
     3       228.0000000000  0.02707700
     4        64.7100000000  0.10171800
     5        21.0600000000  0.27474000
     6         7.4950000000  0.44856400
     7         2.7970000000  0.28507400
     8         0.5215000000  0.01520400
   S          8
     1      6665.0000000000 -0.00014600
     2      1000.0000000000 -0.00115400
     3       228.0000000000 -0.00572500
     4        64.7100000000 -0.02331200
     5        21.0600000000 -0.06395500
     6         7.4950000000 -0.14998100
     7         2.7970000000 -0.12726200
     8         0.5215000000  0.54452900
   S          1
     1         0.1596000000  1.00000000
   P          3
     1         9.4390000000  0.03810900
     2         2.0020000000  0.20948000
     3         0.5456000000  0.50855700
   P          1
     1         0.1517000000  1.00000000
   D          1
     1         0.5500000000  1.00000000
           
C           6.0      0.0339756812     -1.4096965476      0.0000000000
   S          8
     1      6665.0000000000  0.00069200
     2      1000.0000000000  0.00532900
     3       228.0000000000  0.02707700
     4        64.7100000000  0.10171800
     5        21.0600000000  0.27474000
     6         7.4950000000  0.44856400
     7         2.7970000000  0.28507400
     8         0.5215000000  0.01520400
   S          8
     1      6665.0000000000 -0.00014600
     2      1000.0000000000 -0.00115400
     3       228.0000000000 -0.00572500
     4        64.7100000000 -0.02331200
     5        21.0600000000 -0.06395500
     6         7.4950000000 -0.14998100
     7         2.7970000000 -0.12726200
     8         0.5215000000  0.54452900
   S          1
     1         0.1596000000  1.00000000
   P          3
     1         9.4390000000  0.03810900
     2         2.0020000000  0.20948000
     3         0.5456000000  0.50855700
   P          1
     1         0.1517000000  1.00000000
   D          1
     1         0.5500000000  1.00000000
           
C           6.0     -1.2380102911     -0.6753858178      0.0000000000
   S          8
     1      6665.0000000000  0.00069200
     2      1000.0000000000  0.00532900
     3       228.0000000000  0.02707700
     4        64.7100000000  0.10171800
     5        21.0600000000  0.27474000
     6         7.4950000000  0.44856400
     7         2.7970000000  0.28507400
     8         0.5215000000  0.01520400
   S          8
     1      6665.0000000000 -0.00014600
     2      1000.0000000000 -0.00115400
     3       228.0000000000 -0.00572500
     4        64.7100000000 -0.02331200
     5        21.0600000000 -0.06395500
     6         7.4950000000 -0.14998100
     7         2.7970000000 -0.12726200
     8         0.5215000000  0.54452900
   S          1
     1         0.1596000000  1.00000000
   P          3
     1         9.4390000000  0.03810900
     2         2.0020000000  0.20948000
     3         0.5456000000  0.50855700
   P          1
     1         0.1517000000  1.00000000
   D          1
     1         0.5500000000  1.00000000
           
C           6.0     -1.2905225577      0.6875519449      0.0000000000
   S          8
     1      6665.0000000000  0.00069200
     2      1000.0000000000  0.00532900
     3       228.0000000000  0.02707700
     4        64.7100000000  0.10171800
     5        21.0600000000  0.27474000
     6         7.4950000000  0.44856400
     7         2.7970000000  0.28507400
     8         0.5215000000  0.01520400
   S          8
     1      6665.0000000000 -0.00014600
     2      1000.0000000000 -0.00115400
     3       228.0000000000 -0.00572500
     4        64.7100000000 -0.02331200
     5        21.0600000000 -0.06395500
     6         7.4950000000 -0.14998100
     7         2.7970000000 -0.12726200
     8         0.5215000000  0.54452900
   S          1
     1         0.1596000000  1.00000000
   P          3
     1         9.4390000000  0.03810900
     2         2.0020000000  0.20948000
     3         0.5456000000  0.50855700
   P          1
     1         0.1517000000  1.00000000
   D          1
     1         0.5500000000  1.00000000
           
O           8.0     -0.0398433785      2.7143255481      0.0000000000
   S          8
     1     11720.0000000000  0.00071000
     2      1759.0000000000  0.00547000
     3       400.8000000000  0.02783700
     4       113.7000000000  0.10480000
     5        37.0300000000  0.28306200
     6        13.2700000000  0.44871900
     7         5.0250000000  0.27095200
     8         1.0130000000  0.01545800
   S          8
     1     11720.0000000000 -0.00016000
     2      1759.0000000000 -0.00126300
     3       400.8000000000 -0.00626700
     4       113.7000000000 -0.02571600
     5        37.0300000000 -0.07092400
     6        13.2700000000 -0.16541100
     7         5.0250000000 -0.11695500
     8         1.0130000000  0.55736800
   S          1
     1         0.3023000000  1.00000000
   S          1
     1         0.0789600000  1.00000000
   P          3
     1        17.7000000000  0.04301800
     2         3.8540000000  0.22891300
     3         1.0460000000  0.50872800
   P          1
     1         0.2753000000  1.00000000
   P          1
     1         0.0685600000  1.00000000
   D          1
     1         1.1850000000  1.00000000
   D          1
     1         0.3320000000  1.00000000
           
O           8.0      2.3701827636      1.3230538234      0.0000000000
   S          8
     1     11720.0000000000  0.00071000
     2      1759.0000000000  0.00547000
     3       400.8000000000  0.02783700
     4       113.7000000000  0.10480000
     5        37.0300000000  0.28306200
     6        13.2700000000  0.44871900
     7         5.0250000000  0.27095200
     8         1.0130000000  0.01545800
   S          8
     1     11720.0000000000 -0.00016000
     2      1759.0000000000 -0.00126300
     3       400.8000000000 -0.00626700
     4       113.7000000000 -0.02571600
     5        37.0300000000 -0.07092400
     6        13.2700000000 -0.16541100
     7         5.0250000000 -0.11695500
     8         1.0130000000  0.55736800
   S          1
     1         0.3023000000  1.00000000
   S          1
     1         0.0789600000  1.00000000
   P          3
     1        17.7000000000  0.04301800
     2         3.8540000000  0.22891300
     3         1.0460000000  0.50872800
   P          1
     1         0.2753000000  1.00000000
   P          1
     1         0.0685600000  1.00000000
   D          1
     1         1.1850000000  1.00000000
   D          1
     1         0.3320000000  1.00000000
           
H           1.0      2.1902390294     -1.3176810390      0.0000000000
   S          3
     1        13.0100000000  0.01968500
     2         1.9620000000  0.13797700
     3         0.4446000000  0.47814800
   S          1
     1         0.1220000000  1.00000000
   P          1
     1         0.7270000000  1.00000000
           
H           1.0     -0.0034843590     -2.5045497916      0.0000000000
   S          3
     1        13.0100000000  0.01968500
     2         1.9620000000  0.13797700
     3         0.4446000000  0.47814800
   S          1
     1         0.1220000000  1.00000000
   P          1
     1         0.7270000000  1.00000000
           
H           1.0     -2.1674037412     -1.2553456340      0.0000000000
   S          3
     1        13.0100000000  0.01968500
     2         1.9620000000  0.13797700
     3         0.4446000000  0.47814800
   S          1
     1         0.1220000000  1.00000000
   P          1
     1         0.7270000000  1.00000000
           
H           1.0     -2.2366688824      1.2378692437      0.0000000000
   S          3
     1        13.0100000000  0.01968500
     2         1.9620000000  0.13797700
     3         0.4446000000  0.47814800
   S          1
     1         0.1220000000  1.00000000
   P          1
     1         0.7270000000  1.00000000
           
 $END      
