 $DATA
C2H4 canonical RHF orbitals/STO-3G                                              
C1       0
C           6.0     -0.6695000000      0.0000000000      0.0000000000
   STO        3
           
C           6.0      0.6695000000      0.0000000000      0.0000000000
   STO        3
           
H           1.0     -1.2320000000      0.9280000000      0.0000000000
   STO        3
           
H           1.0     -1.2320000000     -0.9280000000      0.0000000000
   STO        3
           
H           1.0      1.2320000000      0.9280000000      0.0000000000
   STO        3
           
H           1.0      1.2320000000     -0.9280000000      0.0000000000
   STO        3
           
 $END      
--- RHF ORBITALS --- GENERATED AT 21:05:56 22-APR-2026    
C2H4 canonical RHF orbitals/STO-3G                                              
E(RHF)=      -77.0721174708, E(NUC)=   33.2760445252,    7 ITERS
 $VEC
 1  1  7.01858354871399100D-01  1.99821978713822400D-02 -2.19419992761447900D-03  0.00000000000000000D+00  0.00000000000000000D+00
 1  2  7.01858354871389800D-01  1.99821978713815200D-02  2.19419992761554100D-03  0.00000000000000000D+00  0.00000000000000000D+00
 1  3 -4.74290098758209400D-03 -4.74290098758189900D-03 -4.74290098757983200D-03 -4.74290098758002600D-03
 2  1 -7.01439996341328100D-01 -3.08396625890394600D-02 -4.27872158558851400D-03  0.00000000000000000D+00  0.00000000000000000D+00
 2  2  7.01439996341337700D-01  3.08396625890393900D-02 -4.27872158558642000D-03  0.00000000000000000D+00  0.00000000000000000D+00
 2  3  4.88146864958473700D-03  4.88146864958483400D-03 -4.88146864958635700D-03 -4.88146864958659300D-03
 3  1  1.77607033671942000D-01 -4.71277318286181400D-01 -1.11428177268593900D-01  0.00000000000000000D+00  0.00000000000000000D+00
 3  2  1.77607033671939000D-01 -4.71277318286183600D-01  1.11428177268593600D-01  0.00000000000000000D+00  0.00000000000000000D+00
 3  3 -1.15399444308666900D-01 -1.15399444308666500D-01 -1.15399444308665100D-01 -1.15399444308665300D-01
 4  1 -1.36714813170799800D-01  4.15879648195061100D-01 -1.98059915350231200D-01  0.00000000000000000D+00  0.00000000000000000D+00
 4  2  1.36714813170802100D-01 -4.15879648195060000D-01 -1.98059915350230300D-01  0.00000000000000000D+00  0.00000000000000000D+00
 4  3  2.23568377854527000D-01  2.23568377854526900D-01 -2.23568377854529100D-01 -2.23568377854528600D-01
 5  1  0.00000000000000000D+00  0.00000000000000000D+00  0.00000000000000000D+00  3.93917859141225200D-01  0.00000000000000000D+00
 5  2  0.00000000000000000D+00  0.00000000000000000D+00  0.00000000000000000D+00  3.93917859141225200D-01  0.00000000000000000D+00
 5  3  2.59797921142870100D-01 -2.59797921142869700D-01  2.59797921142869800D-01 -2.59797921142869900D-01
 6  1 -1.52820881446557800D-02  2.64509356165077100D-02  5.01843511878408100D-01  0.00000000000000000D+00  0.00000000000000000D+00
 6  2 -1.52820881446552000D-02  2.64509356165087100D-02 -5.01843511878408300D-01  0.00000000000000000D+00  0.00000000000000000D+00
 6  3 -2.16417484561392900D-01 -2.16417484561393500D-01 -2.16417484561393100D-01 -2.16417484561393400D-01
 7  1  0.00000000000000000D+00  0.00000000000000000D+00  0.00000000000000000D+00 -3.91895347885651800D-01  0.00000000000000000D+00
 7  2  0.00000000000000000D+00  0.00000000000000000D+00  0.00000000000000000D+00  3.91895347885651900D-01  0.00000000000000000D+00
 7  3 -3.47687169787100700D-01  3.47687169787101000D-01  3.47687169787100700D-01 -3.47687169787101200D-01
 8  1  0.00000000000000000D+00  0.00000000000000000D+00  0.00000000000000000D+00  0.00000000000000000D+00 -6.35592812472615600D-01
 8  2  0.00000000000000000D+00  0.00000000000000000D+00  0.00000000000000000D+00  0.00000000000000000D+00 -6.35592812472616100D-01
 8  3  0.00000000000000000D+00  0.00000000000000000D+00  0.00000000000000000D+00  0.00000000000000000D+00
 9  1  0.00000000000000000D+00  0.00000000000000000D+00  0.00000000000000000D+00  0.00000000000000000D+00  8.09877492779229600D-01
 9  2  0.00000000000000000D+00  0.00000000000000000D+00  0.00000000000000000D+00  0.00000000000000000D+00 -8.09877492779229000D-01
 9  3  0.00000000000000000D+00  0.00000000000000000D+00  0.00000000000000000D+00  0.00000000000000000D+00
10  1  0.00000000000000000D+00  0.00000000000000000D+00  0.00000000000000000D+00 -7.08085329492540200D-01  0.00000000000000000D+00
10  2  0.00000000000000000D+00  0.00000000000000000D+00  0.00000000000000000D+00 -7.08085329492537600D-01  0.00000000000000000D+00
10  3  6.24790454750486800D-01 -6.24790454750482600D-01  6.24790454750480700D-01 -6.24790454750484800D-01
11  1  1.24243007655594100D-01 -8.21634079020381300D-01  5.11115594472240800D-01  0.00000000000000000D+00  0.00000000000000000D+00
11  2  1.24243007655598200D-01 -8.21634079020391800D-01 -5.11115594472243900D-01  0.00000000000000000D+00  0.00000000000000000D+00
11  3  6.27406647000743900D-01  6.27406647000746300D-01  6.27406647000751800D-01  6.27406647000749700D-01
12  1  1.68438848488556800D-01 -1.05315434782047900D+00  2.08343787910079400D-01  0.00000000000000000D+00  0.00000000000000000D+00
12  2 -1.68438848488554200D-01  1.05315434782046800D+00  2.08343787910075300D-01  0.00000000000000000D+00  0.00000000000000000D+00
12  3  6.41980634304301300D-01  6.41980634304308900D-01 -6.41980634304299300D-01 -6.41980634304297300D-01
13  1  0.00000000000000000D+00  0.00000000000000000D+00  0.00000000000000000D+00 -9.49872540004655000D-01  0.00000000000000000D+00
13  2  0.00000000000000000D+00  0.00000000000000000D+00  0.00000000000000000D+00  9.49872540004655800D-01  0.00000000000000000D+00
13  3  6.12164834769577800D-01 -6.12164834769572300D-01 -6.12164834769576900D-01  6.12164834769576100D-01
14  1 -1.12255545759571500D-01  8.48933908755632500D-01  1.14600153363878000D+00  0.00000000000000000D+00  0.00000000000000000D+00
14  2  1.12255545759570300D-01 -8.48933908755630100D-01  1.14600153363878100D+00  0.00000000000000000D+00  0.00000000000000000D+00
14  3  1.23184129997421800D-01  1.23184129997424300D-01 -1.23184129997423600D-01 -1.23184129997425200D-01
 $END
 POPULATION ANALYSIS
C            6.12463  -0.12463   6.06411  -0.06411
C            6.12463  -0.12463   6.06411  -0.06411
H            0.93769   0.06231   0.96794   0.03206
H            0.93769   0.06231   0.96794   0.03206
H            0.93769   0.06231   0.96794   0.03206
H            0.93769   0.06231   0.96794   0.03206
 MOMENTS AT POINT    1 X,Y,Z=  0.000000  0.000000  0.000000
 DIPOLE       0.000000  0.000000  0.000000
