 $DATA
CH4 canonical RHF orbitals/STO-3G                                               
C1       0
C           6.0      0.0000000000      0.0000000000      0.0000000000
   STO        3
           
H           1.0      0.6291180000      0.6291180000      0.6291180000
   STO        3
           
H           1.0     -0.6291180000     -0.6291180000      0.6291180000
   STO        3
           
H           1.0     -0.6291180000      0.6291180000     -0.6291180000
   STO        3
           
H           1.0      0.6291180000     -0.6291180000     -0.6291180000
   STO        3
           
 $END      
--- RHF ORBITALS --- GENERATED AT 21:05:43 22-APR-2026    
CH4 canonical RHF orbitals/STO-3G                                               
E(RHF)=      -39.7267153089, E(NUC)=   13.4395278836,    7 ITERS
 $VEC
 1  1 -9.91956690347630900D-01 -3.80448703404009200D-02  0.00000000000000000D+00  0.00000000000000000D+00  0.00000000000000000D+00
 1  2  6.92656025727500500D-03  6.92656025727503300D-03  6.92656025727504700D-03  6.92656025727486400D-03
 2  1  2.21178822272334600D-01 -6.29440703476504400D-01  0.00000000000000000D+00  0.00000000000000000D+00  0.00000000000000000D+00
 2  2 -1.80755415156915800D-01 -1.80755415156916100D-01 -1.80755415156915300D-01 -1.80755415156915200D-01
 3  1  0.00000000000000000D+00  0.00000000000000000D+00  5.42995391714819500D-03  4.05654454955244100D-02 -5.69688759039874100D-01
 3  2 -2.76450752389055500D-01 -3.25011470375330800D-01  3.19278669612297800D-01  2.82183553152089300D-01
 4  1  0.00000000000000000D+00  0.00000000000000000D+00  5.45983891401745600D-01  1.66823519630646200D-01  1.70829029155639000D-02
 4  2  3.85299379385001000D-01 -3.67263705351026900D-01 -2.09171549347532500D-01  1.91135875313558700D-01
 5  1  0.00000000000000000D+00  0.00000000000000000D+00 -1.67607958863647400D-01  5.44742764866112900D-01  3.71915877016661200D-02
 5  2  2.18717387128392800D-01 -1.79451499128641400D-01  3.56407519221139900D-01 -3.95673407220891900D-01
 6  1  0.00000000000000000D+00  0.00000000000000000D+00 -4.65577286541538300D-02  4.34384496254418600D-01 -1.01143325019766700D+00
 6  2  3.45520859820062200D-01  7.75286238923691000D-01 -8.26878603290557700D-01 -2.93928495453195500D-01
 7  1  0.00000000000000000D+00  0.00000000000000000D+00 -1.09321815262765300D+00  1.00105419094508700D-01  9.33151012556631800D-02
 7  2  4.98549742898166600D-01 -6.01955704573740600D-01 -6.09480310310223100D-01  7.12886271985797100D-01
 8  1  0.00000000000000000D+00  0.00000000000000000D+00 -1.28690251989064800D-01 -1.00754342177931200D+00 -4.26790117694027200D-01
 8  2  8.66022627115566000D-01 -3.93080499207800500D-01  2.50474006945189200D-01 -7.23416134852954900D-01
 9  1  2.51710281567308600D-01 -1.61547178730240900D+00  0.00000000000000000D+00  0.00000000000000000D+00  0.00000000000000000D+00
 9  2  6.63244773258385800D-01  6.63244773258385400D-01  6.63244773258385800D-01  6.63244773258385600D-01
 $END
 POPULATION ANALYSIS
C            6.25533  -0.25533   6.13909  -0.13909
H            0.93617   0.06383   0.96523   0.03477
H            0.93617   0.06383   0.96523   0.03477
H            0.93617   0.06383   0.96523   0.03477
H            0.93617   0.06383   0.96523   0.03477
 MOMENTS AT POINT    1 X,Y,Z=  0.000000  0.000000  0.000000
 DIPOLE       0.000000  0.000000  0.000000
